c #Nodes #JoinNodes tw
ntd 77 6 3
b 1 l
b 2 17943 i 17943 1
b 3 14898 17943 i 14898 2
b 4 42274 14898 17943 i 42274 3
b 5 42274 14898 f 17943 4
b 6 42274 14898 16502 i 16502 5
b 7 3425 42274 14898 16502 i 3425 6
b 8 l
b 9 22171 i 22171 8
b 10 42438 22171 i 42438 9
b 11 41846 42438 22171 i 41846 10
b 12 41846 42438 f 22171 11
b 13 31637 41846 42438 i 31637 12
b 14 l
b 15 11417 i 11417 14
b 16 3648 11417 i 3648 15
b 17 3648 f 11417 16
b 18 3648 42438 i 42438 17
b 19 42438 f 3648 18
b 20 41846 42438 i 41846 19
b 21 31637 41846 42438 i 31637 20
b 22 31637 41846 42438 j 21 13
b 23 31637 41846 f 42438 22
b 24 31637 16502 41846 i 16502 23
b 25 31637 16502 f 41846 24
b 26 14898 31637 16502 i 14898 25
b 27 3425 14898 31637 16502 i 3425 26
b 28 l
b 29 18136 i 18136 28
b 30 39092 18136 i 39092 29
b 31 39092 f 18136 30
b 32 39092 16630 i 16630 31
b 33 14898 39092 16630 i 14898 32
b 34 l
b 35 11069 i 11069 34
b 36 16553 11069 i 16553 35
b 37 16553 f 11069 36
b 38 16553 19356 i 19356 37
b 39 l
b 40 16553 i 16553 39
b 41 8119 16553 i 8119 40
b 42 16553 f 8119 41
b 43 16553 19356 i 19356 42
b 44 16553 19356 j 43 38
b 45 19356 f 16553 44
b 46 39092 19356 i 39092 45
b 47 14898 39092 19356 i 14898 46
b 48 14898 39092 f 19356 47
b 49 14898 39092 16630 i 16630 48
b 50 14898 39092 16630 j 49 33
b 51 14898 16630 f 39092 50
b 52 14898 31637 16630 i 31637 51
b 53 14898 31637 f 16630 52
b 54 14898 31637 16502 i 16502 53
b 55 3425 14898 31637 16502 i 3425 54
b 56 3425 14898 31637 16502 j 55 27
b 57 3425 14898 16502 f 31637 56
b 58 3425 42274 14898 16502 i 42274 57
b 59 3425 42274 14898 16502 j 58 7
b 60 3425 42274 16502 f 14898 59
b 61 42274 16502 f 3425 60
b 62 42274 16502 702 i 702 61
b 63 42274 702 f 16502 62
b 64 41170 42274 702 i 41170 63
b 65 41170 702 f 42274 64
b 66 41170 8003 702 i 8003 65
b 67 41170 8003 f 702 66
b 68 8003 f 41170 67
b 69 8003 13820 i 13820 68
b 70 l
b 71 26156 i 26156 70
b 72 13820 26156 i 13820 71
b 73 13820 f 26156 72
b 74 8003 13820 i 8003 73
b 75 8003 13820 j 74 69
b 76 8003 f 13820 75
b 77 f 8003 76
