c #Nodes #JoinNodes tw
ntd 181 14 3
b 1 l
b 2 581 i 581 1
b 3 11905 581 i 11905 2
b 4 581 f 11905 3
b 5 581 15199 i 15199 4
b 6 581 18575 15199 i 18575 5
b 7 l
b 8 7014 i 7014 7
b 9 5297 7014 i 5297 8
b 10 5297 f 7014 9
b 11 5297 11097 i 11097 10
b 12 11097 f 5297 11
b 13 11097 7311 i 7311 12
b 14 11097 3485 7311 i 3485 13
b 15 3485 7311 f 11097 14
b 16 10163 3485 7311 i 10163 15
b 17 10163 7311 f 3485 16
b 18 10163 5515 7311 i 5515 17
b 19 10163 18299 5515 7311 i 18299 18
b 20 l
b 21 7311 i 7311 20
b 22 5515 7311 i 5515 21
b 23 1381 5515 7311 i 1381 22
b 24 5515 7311 f 1381 23
b 25 18299 5515 7311 i 18299 24
b 26 10163 18299 5515 7311 i 10163 25
b 27 10163 18299 5515 7311 j 26 19
b 28 10163 18299 5515 f 7311 27
b 29 10163 18299 5515 15199 i 15199 28
b 30 10163 18299 15199 f 5515 29
b 31 10163 18299 18575 15199 i 18575 30
b 32 l
b 33 268 i 268 32
b 34 1621 268 i 1621 33
b 35 12001 1621 268 i 12001 34
b 36 11104 12001 1621 268 i 11104 35
b 37 11104 12001 1621 f 268 36
b 38 11104 3969 12001 1621 i 3969 37
b 39 l
b 40 5100 i 5100 39
b 41 9722 5100 i 9722 40
b 42 10019 9722 5100 i 10019 41
b 43 10019 5100 f 9722 42
b 44 12001 10019 5100 i 12001 43
b 45 11104 12001 10019 5100 i 11104 44
b 46 l
b 47 12808 i 12808 46
b 48 13810 12808 i 13810 47
b 49 12808 f 13810 48
b 50 12808 14570 i 14570 49
b 51 l
b 52 17412 i 17412 51
b 53 16353 17412 i 16353 52
b 54 17412 f 16353 53
b 55 17412 12808 i 12808 54
b 56 12808 f 17412 55
b 57 12808 14570 i 14570 56
b 58 12808 14570 j 57 50
b 59 14570 f 12808 58
b 60 14570 3199 i 3199 59
b 61 3199 f 14570 60
b 62 10019 3199 i 10019 61
b 63 11104 10019 3199 i 11104 62
b 64 11104 10019 f 3199 63
b 65 11104 10019 5100 i 5100 64
b 66 11104 12001 10019 5100 i 12001 65
b 67 11104 12001 10019 5100 j 66 45
b 68 11104 12001 5100 f 10019 67
b 69 11104 12001 5100 1663 i 1663 68
b 70 l
b 71 1663 i 1663 70
b 72 9469 1663 i 9469 71
b 73 5100 9469 1663 i 5100 72
b 74 5100 1663 f 9469 73
b 75 12001 5100 1663 i 12001 74
b 76 11104 12001 5100 1663 i 11104 75
b 77 11104 12001 5100 1663 j 76 69
b 78 11104 12001 1663 f 5100 77
b 79 11104 3969 12001 1663 i 3969 78
b 80 l
b 81 12367 i 12367 80
b 82 5578 12367 i 5578 81
b 83 14708 5578 12367 i 14708 82
b 84 14708 5578 f 12367 83
b 85 14708 5578 9727 i 9727 84
b 86 l
b 87 9727 i 9727 86
b 88 14875 9727 i 14875 87
b 89 4545 14875 9727 i 4545 88
b 90 14875 9727 f 4545 89
b 91 5578 14875 9727 i 5578 90
b 92 5578 9727 f 14875 91
b 93 14708 5578 9727 i 14708 92
b 94 14708 5578 9727 j 93 85
b 95 14708 9727 f 5578 94
b 96 17156 14708 9727 i 17156 95
b 97 12001 17156 14708 9727 i 12001 96
b 98 l
b 99 5407 i 5407 98
b 100 12448 5407 i 12448 99
b 101 12448 f 5407 100
b 102 12448 14708 i 14708 101
b 103 12448 17156 14708 i 17156 102
b 104 17156 14708 f 12448 103
b 105 17156 14708 9727 i 9727 104
b 106 12001 17156 14708 9727 i 12001 105
b 107 12001 17156 14708 9727 j 106 97
b 108 12001 17156 9727 f 14708 107
b 109 12001 17156 1663 9727 i 1663 108
b 110 l
b 111 18863 i 18863 110
b 112 6366 18863 i 6366 111
b 113 13897 6366 18863 i 13897 112
b 114 6366 18863 f 13897 113
b 115 12418 6366 18863 i 12418 114
b 116 12418 18863 f 6366 115
b 117 12418 1663 18863 i 1663 116
b 118 1663 18863 f 12418 117
b 119 1663 9727 18863 i 9727 118
b 120 12001 1663 9727 18863 i 12001 119
b 121 12001 1663 9727 f 18863 120
b 122 12001 17156 1663 9727 i 17156 121
b 123 12001 17156 1663 9727 j 122 109
b 124 12001 17156 1663 f 9727 123
b 125 3969 12001 17156 1663 i 3969 124
b 126 l
b 127 1804 i 1804 126
b 128 6713 1804 i 6713 127
b 129 1804 f 6713 128
b 130 18587 1804 i 18587 129
b 131 3969 18587 1804 i 3969 130
b 132 3969 18587 f 1804 131
b 133 3969 17156 18587 i 17156 132
b 134 3969 17156 f 18587 133
b 135 3969 17156 1663 i 1663 134
b 136 3969 12001 17156 1663 i 12001 135
b 137 3969 12001 17156 1663 j 136 125
b 138 3969 12001 1663 f 17156 137
b 139 11104 3969 12001 1663 i 11104 138
b 140 11104 3969 12001 1663 j 139 79
b 141 11104 3969 12001 f 1663 140
b 142 11104 3969 12001 1621 i 1621 141
b 143 l
b 144 2634 i 2634 143
b 145 1621 2634 i 1621 144
b 146 12001 1621 2634 i 12001 145
b 147 3969 12001 1621 2634 i 3969 146
b 148 3969 12001 1621 f 2634 147
b 149 11104 3969 12001 1621 i 11104 148
b 150 11104 3969 12001 1621 j 149 142
b 151 11104 3969 12001 1621 j 150 38
b 152 11104 3969 1621 f 12001 151
b 153 11104 3969 1621 18299 i 18299 152
b 154 11104 3969 18299 f 1621 153
b 155 11104 3969 18299 18575 i 18575 154
b 156 l
b 157 13372 i 13372 156
b 158 7738 13372 i 7738 157
b 159 13372 f 7738 158
b 160 13372 18575 i 18575 159
b 161 3969 13372 18575 i 3969 160
b 162 3969 18575 f 13372 161
b 163 3969 18299 18575 i 18299 162
b 164 11104 3969 18299 18575 i 11104 163
b 165 11104 3969 18299 18575 j 164 155
b 166 11104 18299 18575 f 3969 165
b 167 11104 10163 18299 18575 i 10163 166
b 168 10163 18299 18575 f 11104 167
b 169 10163 18299 18575 15199 i 15199 168
b 170 10163 18299 18575 15199 j 169 31
b 171 10163 18575 15199 f 18299 170
b 172 18575 15199 f 10163 171
b 173 581 18575 15199 i 581 172
b 174 581 18575 15199 j 173 6
b 175 581 18575 f 15199 174
b 176 9043 581 18575 i 9043 175
b 177 9043 581 f 18575 176
b 178 16673 9043 581 i 16673 177
b 179 16673 9043 f 581 178
b 180 16673 f 9043 179
b 181 f 16673 180
