c #vertices #edges weightDimension idOffset
mincutGraph 81 84 2 3979
c u v weight[0] weight[1] ...
s t 0.0 0.0
s 25089 0.0 3.1589251374091387
t 25089 1.2327750405490694 0.0
25089 32955 0.0 2.2479099840571957
s 37251 0.0 3.0886009787540085
t 37251 0.989720611182822 0.0
t 36740 25.356241623923815 0.0
t 5893 83.38970510402447 0.0
5893 23253 0.0 19.824409860919936
5893 36537 0.0 8.513157482826355
5893 26190 0.0 20.342415379619588
s 8582 0.0 4.627329438235568
t 8582 24.900463098645815 0.0
8582 14066 0.0 12.401350589344675
8582 36740 0.0 15.239069139176179
s 9607 0.0 6.077284684555279
t 9607 2.3925539727101164 0.0
9607 14066 0.0 5.2274465141865365
t 29448 157.12064781408827 0.0
29448 31940 0.0 18.974900826877562
29448 40167 0.0 17.556160668033176
t 22538 35.758822680509155 0.0
22538 28873 0.0 19.607999431069548
22538 34079 0.0 3.7298894186914864
s 24203 0.0 2.764531618709287
t 24203 0.9478881921783944 0.0
24203 32955 0.0 1.9723501273848045
s 26123 0.0 6.411496771849259
t 26123 14.627971710141063 0.0
s 8333 0.0 2.080600274896112
t 8333 0.45666227369632784 0.0
s 17421 0.0 2.2507644458349665
t 17421 16.03489155754861 0.0
17421 32954 0.0 15.523649010717293
17421 19658 0.0 16.54650462092017
s 15374 0.0 7.239259136780074
t 15374 3.953195948457193 0.0
15374 16317 0.0 6.0524562202471
s 16782 0.0 12.438645513034725
t 16782 25.292569235003516 0.0
s 31505 0.0 16.441250052167717
t 31505 24.32951813429706 0.0
31505 40167 0.0 13.147614249408829
s 34578 0.0 3.6845866862860612
t 34578 42.64934013343875 0.0
t 22807 16.756137598531712 0.0
22807 38093 0.0 6.799738470286377
s 21401 0.0 1.119678005328241
t 21401 3.9391216753547074 0.0
21401 23874 0.0 7.934179454482371
21401 29751 0.0 8.509734208376756
t 25497 6.141401680450893 0.0
25497 34763 0.0 2.316499097978636
s 37915 0.0 10.734474732621376
t 37915 13.641087397628787 0.0
s 13724 0.0 5.266213761839429
t 13724 3.4457967658069486 0.0
13724 28964 0.0 3.7968407956134205
t 32796 48.92340256870335 0.0
32796 39983 0.0 21.072902445980585
s 17055 0.0 6.360559160032091
t 17055 4.845674860392393 0.0
t 34079 26.793903310284193 0.0
s 19746 0.0 5.5175304534794165
t 19746 6.962036654050619 0.0
19746 37251 0.0 2.6910814802584446
t 23844 38.504163862213005 0.0
23844 32954 0.0 14.390905643490589
23844 37915 0.0 7.7930127173006065
t 28964 3.543577972297123 0.0
28964 36740 0.0 3.6866904011341544
t 17070 205.0872450070568 0.0
17070 24019 0.0 23.738744114213176
17070 19658 0.0 20.729593229708048
17070 26190 0.0 21.20145778171365
s 39983 0.0 16.15941128078622
t 39983 100.31926328273835 0.0
s 20786 0.0 2.2353261463546903
t 20786 3.4446265148280375 0.0
20786 34645 0.0 4.869822380385383
20786 32490 0.0 6.750433374737397
s 1461 0.0 5.267691451542231
t 1461 2.8160736362301177 0.0
1461 23874 0.0 4.069031048283374
t 4789 43.042997496834076 0.0
4789 34578 0.0 23.215047491145988
4789 22738 0.0 23.177258859278556
4789 34079 0.0 3.7234214730862503
s 29751 0.0 10.11028637730915
t 29751 24.86647723286485 0.0
29751 36813 0.0 5.8500112129756445
s 33591 0.0 1.3940320919348532
t 33591 4.592237571688176 0.0
t 36537 5.0217127074101615 0.0
t 32954 22.6846796484751 0.0
32954 32955 0.0 3.2548456706587485
s 33978 0.0 8.59726205480431
t 33978 8.97926264072419 0.0
33978 40167 0.0 6.165406790658386
t 32955 2.1780806512107462 0.0
t 16317 14.980054264743185 0.0
16317 34763 0.0 5.46021160954349
t 23874 16.10043759563793 0.0
s 4163 0.0 3.489386679236928
t 4163 39.48857004329935 0.0
4163 21345 0.0 23.85286300713651
4163 22738 0.0 25.172931250930787
s 14659 0.0 2.7033301098250604
t 14659 0.8630034562527158 0.0
14659 28964 0.0 1.9661152929624712
s 31940 0.0 3.818300252545557
t 31940 33.9993529126404 0.0
s 15557 0.0 7.290452384457484
t 15557 6.268661971132459 0.0
15557 25497 0.0 5.315111971407221
s 15686 0.0 5.0070756558664264
t 15686 47.97725866266128 0.0
15686 22538 0.0 19.177803922249073
s 4809 0.0 2.1648379779201057
t 4809 4.402038687403245 0.0
4809 16782 0.0 4.067151333167509
4809 17055 0.0 4.584199501728293
t 28873 176.12597473005326 0.0
28873 32796 0.0 22.379309755889487
t 19658 46.69123326220882 0.0
19658 33591 0.0 6.588705463007289
t 34763 4.729724582669954 0.0
s 36813 0.0 8.26092325099423
t 36813 8.070403005764247 0.0
s 38093 0.0 9.328441555040095
t 38093 10.588099470566352 0.0
s 26190 0.0 2.6526305507261605
t 26190 26.012270996289082 0.0
t 22738 224.27190155208166 0.0
22738 31940 0.0 20.606898016941496
s 24019 0.0 3.5543914551986298
t 24019 41.193540166020874 0.0
24019 34578 0.0 23.2320959037765
t 23253 70.55944472414788 0.0
23253 37742 0.0 20.078156025662732
23253 34079 0.0 7.195535082508004
s 34645 0.0 6.383334112950786
t 34645 4.271638567674975 0.0
s 11990 0.0 1.5139768839472796
t 11990 3.4622912791922293 0.0
11990 19746 0.0 5.231878353040501
11990 26123 0.0 4.687508420617116
t 7001 164.00645147293295 0.0
7001 36740 0.0 17.1516528265626
7001 15686 0.0 20.005025549585753
s 6234 0.0 4.779997786569172
t 6234 47.1675233652614 0.0
6234 7001 0.0 22.20363533054639
6234 32876 0.0 20.459313835620794
s 14554 0.0 2.4123356520297357
t 14554 0.6925582443344406 0.0
14554 36537 0.0 1.8506239733094942
s 17626 0.0 7.607445411197985
t 17626 4.891563505716675 0.0
17626 22807 0.0 6.189819548459915
s 7387 0.0 2.59470733092568
t 7387 6.423854696318432 0.0
7387 27495 0.0 8.045056028262337
7387 16317 0.0 6.2089038425353875
s 31708 0.0 5.929863569998412
t 31708 4.197074668475098 0.0
31708 34763 0.0 4.287959270146537
t 21345 88.2857264412783 0.0
21345 22807 0.0 11.639530191741379
21345 25210 0.0 16.611194708108517
s 9954 0.0 6.660505154365001
t 9954 5.544966884051117 0.0
9954 32796 0.0 4.715001536961585
s 26342 0.0 4.1855483925318495
t 26342 36.242353070083254 0.0
26342 28873 0.0 19.02496650866719
t 3175 2.1444905807362704 0.0
3175 15594 0.0 4.1127541507519485
3175 32876 0.0 5.464828391420112
3175 8333 0.0 1.629158598173365
s 27495 0.0 2.843605444193425
t 27495 9.371896978355691 0.0
27495 32490 0.0 9.951921104526345
t 40167 32.41021502963092 0.0
s 15594 0.0 4.865604289549141
t 15594 1.6768935132747338 0.0
t 32490 29.87424017320141 0.0
t 32876 53.699713692732004 0.0
32876 37742 0.0 19.65410832752265
t 16878 60.210853449968674 0.0
16878 26342 0.0 17.70683764978625
16878 29448 0.0 21.14536979967248
16878 34079 0.0 7.184081291740097
s 37742 0.0 4.112403411881592
t 37742 40.4128079550983 0.0
s 11762 0.0 4.742421382719535
t 11762 29.48913692398318 0.0
11762 16782 0.0 13.1393688915237
11762 39983 0.0 12.446449600793645
t 14066 21.516463076901726 0.0
14066 23874 0.0 9.173355314185
s 25202 0.0 8.249703224995635
t 25202 4.117330210609679 0.0
25202 36537 0.0 7.184847115475295
s 20083 0.0 8.095026533685997
t 20083 7.831075446865316 0.0
20083 25497 0.0 5.648778460395542
s 13940 0.0 2.385270099608554
t 13940 8.85297898373774 0.0
13940 23844 0.0 10.23576417019631
13940 26123 0.0 8.765802757743508
s 25210 0.0 4.295790235450591
t 25210 28.019964257627556 0.0
25210 32490 0.0 14.353869659614174
s 25852 0.0 8.141209794453449
t 25852 4.548314670572286 0.0
25852 33591 0.0 6.72195743207771
