c #Nodes #JoinNodes tw
ntd 37 2 3
b 1 l
b 2 35900 i 35900 1
b 3 2522 35900 i 2522 2
b 4 47032 2522 35900 i 47032 3
b 5 47032 35900 f 2522 4
b 6 31475 47032 35900 i 31475 5
b 7 53874 31475 47032 35900 i 53874 6
b 8 l
b 9 3547 i 3547 8
b 10 21687 3547 i 21687 9
b 11 43107 21687 3547 i 43107 10
b 12 43107 3547 f 21687 11
b 13 43107 47032 3547 i 47032 12
b 14 47032 3547 f 43107 13
b 15 31475 47032 3547 i 31475 14
b 16 53874 31475 47032 3547 i 53874 15
b 17 l
b 18 16829 i 16829 17
b 19 71140 16829 i 71140 18
b 20 31475 71140 16829 i 31475 19
b 21 31475 16829 f 71140 20
b 22 31475 3547 16829 i 3547 21
b 23 31475 3547 f 16829 22
b 24 31475 47032 3547 i 47032 23
b 25 53874 31475 47032 3547 i 53874 24
b 26 53874 31475 47032 3547 j 25 16
b 27 53874 31475 47032 f 3547 26
b 28 53874 31475 47032 35900 i 35900 27
b 29 53874 31475 47032 35900 j 28 7
b 30 53874 31475 35900 f 47032 29
b 31 31475 35900 f 53874 30
b 32 31475 65112 35900 i 65112 31
b 33 65112 35900 f 31475 32
b 34 77602 65112 35900 i 77602 33
b 35 77602 65112 f 35900 34
b 36 77602 f 65112 35
b 37 f 77602 36
