c #Nodes #JoinNodes tw
ntd 446 38 4
b 1 l
b 2 10139 i 10139 1
b 3 4807 10139 i 4807 2
b 4 26039 4807 10139 i 26039 3
b 5 26039 4807 f 10139 4
b 6 8613 26039 4807 i 8613 5
b 7 l
b 8 4807 i 4807 7
b 9 30325 4807 i 30325 8
b 10 4807 f 30325 9
b 11 26039 4807 i 26039 10
b 12 8613 26039 4807 i 8613 11
b 13 8613 26039 4807 j 12 6
b 14 8613 26039 f 4807 13
b 15 8613 26039 33563 i 33563 14
b 16 l
b 17 33563 i 33563 16
b 18 15736 33563 i 15736 17
b 19 8354 15736 33563 i 8354 18
b 20 15736 33563 f 8354 19
b 21 15736 33563 16095 i 16095 20
b 22 15736 7752 33563 16095 i 7752 21
b 23 l
b 24 18220 i 18220 23
b 25 13002 18220 i 13002 24
b 26 18220 f 13002 25
b 27 18220 26221 i 26221 26
b 28 12793 18220 26221 i 12793 27
b 29 12793 26221 f 18220 28
b 30 12793 26221 3823 i 3823 29
b 31 26221 3823 f 12793 30
b 32 26221 36942 3823 i 36942 31
b 33 36942 3823 f 26221 32
b 34 7752 36942 3823 i 7752 33
b 35 15736 7752 36942 3823 i 15736 34
b 36 l
b 37 17597 i 17597 36
b 38 23803 17597 i 23803 37
b 39 26501 23803 17597 i 26501 38
b 40 36497 26501 23803 17597 i 36497 39
b 41 36497 23803 17597 f 26501 40
b 42 36497 29543 23803 17597 i 29543 41
b 43 36497 6727 29543 23803 17597 i 6727 42
b 44 l
b 45 29580 i 29580 44
b 46 6727 29580 i 6727 45
b 47 14067 6727 29580 i 14067 46
b 48 4112 14067 6727 29580 i 4112 47
b 49 4112 6727 29580 f 14067 48
b 50 4112 6727 29543 29580 i 29543 49
b 51 4112 36497 6727 29543 29580 i 36497 50
b 52 36497 6727 29543 29580 f 4112 51
b 53 36497 6727 29543 29580 17597 i 17597 52
b 54 36497 6727 29543 17597 f 29580 53
b 55 36497 6727 29543 23803 17597 i 23803 54
b 56 36497 6727 29543 23803 17597 j 55 43
b 57 36497 6727 29543 23803 f 17597 56
b 58 36497 6727 29543 23803 3823 i 3823 57
b 59 l
b 60 25738 i 25738 59
b 61 27769 25738 i 27769 60
b 62 36497 27769 25738 i 36497 61
b 63 36497 25738 f 27769 62
b 64 36497 29155 25738 i 29155 63
b 65 36497 29155 f 25738 64
b 66 36497 29155 13961 i 13961 65
b 67 36497 29155 29543 13961 i 29543 66
b 68 l
b 69 30524 i 30524 68
b 70 18246 30524 i 18246 69
b 71 18246 f 30524 70
b 72 35333 18246 i 35333 71
b 73 6037 35333 18246 i 6037 72
b 74 l
b 75 31806 i 31806 74
b 76 16034 31806 i 16034 75
b 77 31806 f 16034 76
b 78 30838 31806 i 30838 77
b 79 l
b 80 31806 i 31806 79
b 81 19868 31806 i 19868 80
b 82 31806 f 19868 81
b 83 30838 31806 i 30838 82
b 84 30838 31806 j 83 78
b 85 30838 f 31806 84
b 86 18034 30838 i 18034 85
b 87 18034 f 30838 86
b 88 18034 18246 i 18246 87
b 89 18034 35333 18246 i 35333 88
b 90 35333 18246 f 18034 89
b 91 6037 35333 18246 i 6037 90
b 92 6037 35333 18246 j 91 73
b 93 6037 35333 f 18246 92
b 94 14836 6037 35333 i 14836 93
b 95 14836 6037 f 35333 94
b 96 14836 6037 22007 i 22007 95
b 97 36497 14836 6037 22007 i 36497 96
b 98 l
b 99 26077 i 26077 98
b 100 39461 26077 i 39461 99
b 101 39461 f 26077 100
b 102 2417 39461 i 2417 101
b 103 l
b 104 39461 i 39461 103
b 105 12195 39461 i 12195 104
b 106 39461 f 12195 105
b 107 2417 39461 i 2417 106
b 108 2417 39461 j 107 102
b 109 2417 f 39461 108
b 110 2417 29679 i 29679 109
b 111 2417 22007 29679 i 22007 110
b 112 22007 29679 f 2417 111
b 113 6037 22007 29679 i 6037 112
b 114 6037 22007 f 29679 113
b 115 14836 6037 22007 i 14836 114
b 116 36497 14836 6037 22007 i 36497 115
b 117 36497 14836 6037 22007 j 116 97
b 118 36497 14836 22007 f 6037 117
b 119 36497 29155 14836 22007 i 29155 118
b 120 l
b 121 14836 i 14836 120
b 122 29155 14836 i 29155 121
b 123 8928 29155 14836 i 8928 122
b 124 29155 14836 f 8928 123
b 125 29155 14836 22007 i 22007 124
b 126 36497 29155 14836 22007 i 36497 125
b 127 36497 29155 14836 22007 j 126 119
b 128 36497 29155 22007 f 14836 127
b 129 36497 29155 29543 22007 i 29543 128
b 130 l
b 131 22007 i 22007 130
b 132 29543 22007 i 29543 131
b 133 27318 29543 22007 i 27318 132
b 134 29543 22007 f 27318 133
b 135 29155 29543 22007 i 29155 134
b 136 36497 29155 29543 22007 i 36497 135
b 137 36497 29155 29543 22007 j 136 129
b 138 36497 29155 29543 f 22007 137
b 139 36497 29155 29543 13961 i 13961 138
b 140 l
b 141 29673 i 29673 140
b 142 13961 29673 i 13961 141
b 143 29155 13961 29673 i 29155 142
b 144 29155 13961 f 29673 143
b 145 29155 29543 13961 i 29543 144
b 146 36497 29155 29543 13961 i 36497 145
b 147 36497 29155 29543 13961 j 146 139
b 148 36497 29155 29543 13961 j 147 67
b 149 36497 29543 13961 f 29155 148
b 150 36497 29543 13961 3823 i 3823 149
b 151 l
b 152 5091 i 5091 151
b 153 7778 5091 i 7778 152
b 154 36497 7778 5091 i 36497 153
b 155 36497 7778 f 5091 154
b 156 36497 7778 3823 i 3823 155
b 157 36497 7778 8868 3823 i 8868 156
b 158 l
b 159 894 i 894 158
b 160 17082 894 i 17082 159
b 161 894 f 17082 160
b 162 8962 894 i 8962 161
b 163 7778 8962 894 i 7778 162
b 164 7778 8962 f 894 163
b 165 7778 8962 8868 i 8868 164
b 166 7778 8868 f 8962 165
b 167 7778 8868 3823 i 3823 166
b 168 36497 7778 8868 3823 i 36497 167
b 169 36497 7778 8868 3823 j 168 157
b 170 36497 8868 3823 f 7778 169
b 171 36497 8868 13961 3823 i 13961 170
b 172 l
b 173 26733 i 26733 172
b 174 34749 26733 i 34749 173
b 175 13961 34749 26733 i 13961 174
b 176 13961 34749 f 26733 175
b 177 8868 13961 34749 i 8868 176
b 178 l
b 179 11491 i 11491 178
b 180 26435 11491 i 26435 179
b 181 26435 f 11491 180
b 182 26435 21563 i 21563 181
b 183 21563 f 26435 182
b 184 21563 7820 i 7820 183
b 185 7820 f 21563 184
b 186 3355 7820 i 3355 185
b 187 3355 f 7820 186
b 188 3355 34749 i 34749 187
b 189 34749 f 3355 188
b 190 13961 34749 i 13961 189
b 191 8868 13961 34749 i 8868 190
b 192 8868 13961 34749 j 191 177
b 193 8868 13961 f 34749 192
b 194 8868 13961 3823 i 3823 193
b 195 36497 8868 13961 3823 i 36497 194
b 196 36497 8868 13961 3823 j 195 171
b 197 36497 13961 3823 f 8868 196
b 198 36497 29543 13961 3823 i 29543 197
b 199 36497 29543 13961 3823 j 198 150
b 200 36497 29543 3823 f 13961 199
b 201 36497 29543 23803 3823 i 23803 200
b 202 36497 6727 29543 23803 3823 i 6727 201
b 203 36497 6727 29543 23803 3823 j 202 58
b 204 6727 29543 23803 3823 f 36497 203
b 205 6727 29543 15736 23803 3823 i 15736 204
b 206 l
b 207 7750 i 7750 206
b 208 38354 7750 i 38354 207
b 209 38354 f 7750 208
b 210 38354 16655 i 16655 209
b 211 l
b 212 10298 i 10298 211
b 213 38354 10298 i 38354 212
b 214 38354 f 10298 213
b 215 38354 16655 i 16655 214
b 216 38354 16655 j 215 210
b 217 16655 f 38354 216
b 218 29543 16655 i 29543 217
b 219 13062 29543 16655 i 13062 218
b 220 13062 29543 f 16655 219
b 221 13062 29543 15736 i 15736 220
b 222 13062 6727 29543 15736 i 6727 221
b 223 l
b 224 19228 i 19228 223
b 225 34523 19228 i 34523 224
b 226 13062 34523 19228 i 13062 225
b 227 13062 34523 f 19228 226
b 228 13062 15736 34523 i 15736 227
b 229 l
b 230 25045 i 25045 229
b 231 19521 25045 i 19521 230
b 232 25045 f 19521 231
b 233 25045 34523 i 34523 232
b 234 34523 f 25045 233
b 235 15736 34523 i 15736 234
b 236 13062 15736 34523 i 13062 235
b 237 13062 15736 34523 j 236 228
b 238 13062 15736 f 34523 237
b 239 13062 29543 15736 i 29543 238
b 240 13062 6727 29543 15736 i 6727 239
b 241 13062 6727 29543 15736 j 240 222
b 242 6727 29543 15736 f 13062 241
b 243 6727 29543 15736 3823 i 3823 242
b 244 6727 29543 15736 23803 3823 i 23803 243
b 245 6727 29543 15736 23803 3823 j 244 205
b 246 6727 15736 23803 3823 f 29543 245
b 247 6727 15736 7752 23803 3823 i 7752 246
b 248 l
b 249 3823 i 3823 248
b 250 23803 3823 i 23803 249
b 251 7752 23803 3823 i 7752 250
b 252 17173 7752 23803 3823 i 17173 251
b 253 7752 23803 3823 f 17173 252
b 254 15736 7752 23803 3823 i 15736 253
b 255 6727 15736 7752 23803 3823 i 6727 254
b 256 6727 15736 7752 23803 3823 j 255 247
b 257 l
b 258 13711 i 13711 257
b 259 1836 13711 i 1836 258
b 260 7752 1836 13711 i 7752 259
b 261 7752 1836 f 13711 260
b 262 7752 1836 14510 i 14510 261
b 263 7752 14510 f 1836 262
b 264 7752 23803 14510 i 23803 263
b 265 15736 7752 23803 14510 i 15736 264
b 266 6727 15736 7752 23803 14510 i 6727 265
b 267 l
b 268 35101 i 35101 267
b 269 35704 35101 i 35704 268
b 270 7752 35704 35101 i 7752 269
b 271 16400 7752 35704 35101 i 16400 270
b 272 16400 7752 35704 f 35101 271
b 273 16400 15736 7752 35704 i 15736 272
b 274 16400 6727 15736 7752 35704 i 6727 273
b 275 16400 6727 15736 7752 f 35704 274
b 276 16400 6727 15736 7752 14510 i 14510 275
b 277 6727 15736 7752 14510 f 16400 276
b 278 6727 15736 7752 23803 14510 i 23803 277
b 279 6727 15736 7752 23803 14510 j 278 266
b 280 l
b 281 6814 i 6814 280
b 282 14510 6814 i 14510 281
b 283 23803 14510 6814 i 23803 282
b 284 6727 23803 14510 6814 i 6727 283
b 285 6727 23803 14510 f 6814 284
b 286 6727 7752 23803 14510 i 7752 285
b 287 6727 15736 7752 23803 14510 i 15736 286
b 288 6727 15736 7752 23803 14510 j 287 279
b 289 6727 15736 7752 23803 f 14510 288
b 290 6727 15736 7752 23803 3823 i 3823 289
b 291 6727 15736 7752 23803 3823 j 290 256
b 292 6727 15736 7752 3823 f 23803 291
b 293 15736 7752 3823 f 6727 292
b 294 15736 7752 36942 3823 i 36942 293
b 295 15736 7752 36942 3823 j 294 35
b 296 15736 7752 36942 f 3823 295
b 297 15736 7752 35626 36942 i 35626 296
b 298 l
b 299 23786 i 23786 298
b 300 39336 23786 i 39336 299
b 301 24144 39336 23786 i 24144 300
b 302 39336 23786 f 24144 301
b 303 39336 35626 23786 i 35626 302
b 304 l
b 305 29932 i 29932 304
b 306 39336 29932 i 39336 305
b 307 39336 f 29932 306
b 308 39336 23786 i 23786 307
b 309 39336 35626 23786 i 35626 308
b 310 39336 35626 23786 j 309 303
b 311 35626 23786 f 39336 310
b 312 35626 23786 36942 i 36942 311
b 313 7752 35626 23786 36942 i 7752 312
b 314 7752 35626 36942 f 23786 313
b 315 15736 7752 35626 36942 i 15736 314
b 316 15736 7752 35626 36942 j 315 297
b 317 15736 7752 35626 f 36942 316
b 318 15736 7752 35626 16095 i 16095 317
b 319 l
b 320 16095 i 16095 319
b 321 7752 16095 i 7752 320
b 322 2704 7752 16095 i 2704 321
b 323 7752 16095 f 2704 322
b 324 7752 35626 16095 i 35626 323
b 325 15736 7752 35626 16095 i 15736 324
b 326 15736 7752 35626 16095 j 325 318
b 327 l
b 328 17132 i 17132 327
b 329 17143 17132 i 17143 328
b 330 17143 f 17132 329
b 331 17143 22681 i 22681 330
b 332 l
b 333 39229 i 39229 332
b 334 6562 39229 i 6562 333
b 335 39229 f 6562 334
b 336 36006 39229 i 36006 335
b 337 36006 f 39229 336
b 338 36006 12908 i 12908 337
b 339 l
b 340 22618 i 22618 339
b 341 18951 22618 i 18951 340
b 342 22618 f 18951 341
b 343 36006 22618 i 36006 342
b 344 l
b 345 22618 i 22618 344
b 346 31392 22618 i 31392 345
b 347 22618 f 31392 346
b 348 36006 22618 i 36006 347
b 349 36006 22618 j 348 343
b 350 36006 f 22618 349
b 351 36006 12908 i 12908 350
b 352 36006 12908 j 351 338
b 353 12908 f 36006 352
b 354 12908 270 i 270 353
b 355 270 f 12908 354
b 356 30475 270 i 30475 355
b 357 30475 f 270 356
b 358 40273 30475 i 40273 357
b 359 40273 f 30475 358
b 360 40273 25250 i 25250 359
b 361 25250 f 40273 360
b 362 25250 3354 i 3354 361
b 363 3354 f 25250 362
b 364 20513 3354 i 20513 363
b 365 l
b 366 6974 i 6974 365
b 367 21810 6974 i 21810 366
b 368 21810 f 6974 367
b 369 21810 3354 i 3354 368
b 370 l
b 371 28202 i 28202 370
b 372 21810 28202 i 21810 371
b 373 21810 f 28202 372
b 374 21810 3354 i 3354 373
b 375 21810 3354 j 374 369
b 376 3354 f 21810 375
b 377 20513 3354 i 20513 376
b 378 20513 3354 j 377 364
b 379 20513 f 3354 378
b 380 20513 14780 i 14780 379
b 381 14780 f 20513 380
b 382 37111 14780 i 37111 381
b 383 37111 f 14780 382
b 384 17143 37111 i 17143 383
b 385 17143 f 37111 384
b 386 17143 22681 i 22681 385
b 387 17143 22681 j 386 331
b 388 22681 f 17143 387
b 389 22681 27884 i 27884 388
b 390 27884 f 22681 389
b 391 15660 27884 i 15660 390
b 392 35626 15660 27884 i 35626 391
b 393 35626 15660 f 27884 392
b 394 25656 35626 15660 i 25656 393
b 395 25656 35626 f 15660 394
b 396 25656 35626 22107 i 22107 395
b 397 35626 22107 f 25656 396
b 398 35626 22107 16095 i 16095 397
b 399 l
b 400 34518 i 34518 399
b 401 20563 34518 i 20563 400
b 402 20563 f 34518 401
b 403 20563 22107 i 22107 402
b 404 22107 f 20563 403
b 405 22107 16095 i 16095 404
b 406 35626 22107 16095 i 35626 405
b 407 35626 22107 16095 j 406 398
b 408 35626 16095 f 22107 407
b 409 7752 35626 16095 i 7752 408
b 410 15736 7752 35626 16095 i 15736 409
b 411 15736 7752 35626 16095 j 410 326
b 412 15736 7752 16095 f 35626 411
b 413 15736 7752 33563 16095 i 33563 412
b 414 15736 7752 33563 16095 j 413 22
b 415 15736 33563 16095 f 7752 414
b 416 33563 16095 f 15736 415
b 417 8613 33563 16095 i 8613 416
b 418 l
b 419 3519 i 3519 418
b 420 34601 3519 i 34601 419
b 421 3519 f 34601 420
b 422 11586 3519 i 11586 421
b 423 l
b 424 3519 i 3519 423
b 425 21785 3519 i 21785 424
b 426 3519 f 21785 425
b 427 11586 3519 i 11586 426
b 428 11586 3519 j 427 422
b 429 11586 f 3519 428
b 430 11586 18063 i 18063 429
b 431 18063 f 11586 430
b 432 18151 18063 i 18151 431
b 433 18151 f 18063 432
b 434 8613 18151 i 8613 433
b 435 8613 f 18151 434
b 436 8613 16095 i 16095 435
b 437 8613 33563 16095 i 33563 436
b 438 8613 33563 16095 j 437 417
b 439 8613 33563 f 16095 438
b 440 8613 26039 33563 i 26039 439
b 441 8613 26039 33563 j 440 15
b 442 8613 26039 f 33563 441
b 443 26039 f 8613 442
b 444 26039 1849 i 1849 443
b 445 26039 f 1849 444
b 446 f 26039 445
